[-9.98140526  5.99281216] [ 7. -7.] 1
[-9.98140526  5.99281216] [ 7. -7.] 2
[-9.98140526  5.99281216] [ 7. -7.] 3
[-9.98140526  5.99281216] [ 7. -7.] 4
[-9.98140526  5.99281216] [ 7. -7.] 5
[-9.98140526  5.99281216] [ 7. -7.] 6
[-9.98140526  5.99281216] [ 7. -7.] 7
[-9.98140526  5.99281216] [ 7. -7.] 8
[-9.98140526  5.99281216] [ 7. -7.] 9
[-9.98140526  5.99281216] [ 7. -7.] 10
[-9.98140526  5.99281216] [ 7. -7.] 11
[-9.98140526  5.99281216] [ 7. -7.] 12
[-9.98140526  5.99281216] [ 7. -7.] 13
[-9.98140526  5.99281216] [ 7. -7.] 14
[-9.98140526  5.99281216] [ 7. -7.] 15
[-9.98140526  5.99281216] [ 7. -7.] 16
[-9.98140526  5.99281216] [ 7. -7.] 17
[-9.98140526  5.99281216] [ 7. -7.] 18
[-9.98140526  5.99281216] [ 7. -7.] 19
[-9.98140526  5.99281216] [ 7. -7.] 20
[-9.98140526  5.99281216] [ 7. -7.] 21
[-9.98140526  5.99281216] [ 7. -7.] 22
[-9.98140526  5.99281216] [ 7. -7.] 23
[-9.98140526  5.99281216] [ 7. -7.] 24
[-9.98140526  5.99281216] [ 7. -7.] 25
[-9.98140526  5.99281216] [ 7. -7.] 26
[-9.98140526  5.99281216] [ 7. -7.] 27
[-9.98140526  5.99281216] [ 7. -7.] 28
[-9.98140526  5.99281216] [ 7. -7.] 29
[-9.98140526  5.99281216] [ 7. -7.] 30
[-9.98140526  5.99281216] [ 7. -7.] 31
[-9.98140526  5.99281216] [ 7. -7.] 32
[-9.98140526  5.99281216] [ 7. -7.] 33
[-9.98140526  5.99281216] [ 7. -7.] 34
[-9.98140526  5.99281216] [ 7. -7.] 35
[-9.96156216  5.99281216] [ 7. -7.] 36
[-9.921875    5.99281216] [ 7. -7.] 37
[-9.88218689  5.99281216] [ 7. -7.] 38
[-9.82265663  5.97296858] [ 7. -7.] 39
[-9.76312447  5.953125  ] [ 7. -7.] 40
[-9.6639061   5.93328094] [ 7. -7.] 41
[-9.52499962  5.91343737] [ 7. -7.] 42
[-9.34640598  5.87374973] [ 7. -7.] 43
[-9.08843708  5.85390615] [ 7. -7.] 44
[-8.55265617  5.79437447] [ 7. -7.] 45
[-7.77874947  5.69515562] [ 7. -7.] 46
[-7.02468729  5.51656246] [ 7. -7.] 47
[-6.230937    5.29828072] [ 7. -7.] 48
[-5.41734362  5.04031229] [ 7. -7.] 49
[-4.64343739  4.70296812] [ 7. -7.] 50
[-3.80999994  4.3656249 ] [ 7. -7.] 51
[-3.80999994  4.3656249 ] [ 7. -7.] 52
[-2.22249985  3.79015613] [ 7. -7.] 53
[-1.50812495  3.49249983] [ 7. -7.] 54
[-0.95249999  3.23453116] [ 7. -7.] 55
[-0.47624999  2.9765625 ] [ 7. -7.] 56
[-0.1190625   2.81781244] [ 7. -7.] 57
[0.15875    2.69874978] [ 7. -7.] 58
[0.41671875 2.61937475] [ 7. -7.] 59
[0.57546872 2.5796876 ] [ 7. -7.] 60
[0.71437496 2.53999996] [ 7. -7.] 61
[0.79374999 2.53999996] [ 7. -7.] 62
[0.8532812  2.52015615] [ 7. -7.] 63
[0.89296871 2.52015615] [ 7. -7.] 64
[0.89296871 2.52015615] [ 7. -7.] 65
[0.91281247 2.52015615] [ 7. -7.] 66
[0.93265623 2.52015615] [ 7. -7.] 67
[0.93265623 2.52015615] [ 7. -7.] 68
[0.93265623 2.52015615] [ 7. -7.] 69
[0.93265623 2.52015615] [ 7. -7.] 70
[0.93265623 2.52015615] [ 7. -7.] 71
[0.93265623 2.52015615] [ 7. -7.] 72
[0.93265623 2.52015615] [ 7. -7.] 73
[0.93265623 2.52015615] [ 7. -7.] 74
[0.93265623 2.52015615] [ 7. -7.] 75
[0.93265623 2.52015615] [ 7. -7.] 76
[0.93265623 2.52015615] [ 7. -7.] 77
[0.93265623 2.52015615] [ 7. -7.] 78
[0.93265623 2.52015615] [ 7. -7.] 79
[0.93265623 2.52015615] [ 7. -7.] 80
[0.93265623 2.52015615] [ 7. -7.] 81
[0.93265623 2.52015615] [ 7. -7.] 82
[0.93265623 2.52015615] [ 7. -7.] 83
[0.93265623 2.52015615] [ 7. -7.] 84
[0.93265623 2.52015615] [ 7. -7.] 85
[0.93265623 2.52015615] [ 7. -7.] 86
[0.93265623 2.52015615] [ 7. -7.] 87
