[-3.03609371 -2.00421858] [-10.   6.] 1
[-3.03609371 -2.00421858] [-10.   6.] 2
[-3.03609371 -2.00421858] [-10.   6.] 3
[-3.03609371 -2.00421858] [-10.   6.] 4
[-3.0162499  -2.00421858] [-10.   6.] 5
[-3.0162499  -2.00421858] [-10.   6.] 6
[-3.0162499  -2.00421858] [-10.   6.] 7
[-3.0162499  -2.00421858] [-10.   6.] 8
[-3.0162499  -2.00421858] [-10.   6.] 9
[-3.0162499  -2.00421858] [-10.   6.] 10
[-3.0162499  -2.00421858] [-10.   6.] 11
[-3.0162499 -2.0240624] [-10.   6.] 12
[-3.0162499 -2.0240624] [-10.   6.] 13
[-2.99640608 -2.0240624 ] [-10.   6.] 14
[-2.99640608 -2.0240624 ] [-10.   6.] 15
[-2.99640608 -2.0240624 ] [-10.   6.] 16
[-2.99640608 -2.0240624 ] [-10.   6.] 17
[-2.99640608 -2.0240624 ] [-10.   6.] 18
[-2.99640608 -2.0240624 ] [-10.   6.] 19
[-2.99640608 -2.0240624 ] [-10.   6.] 20
[-2.99640608 -2.0240624 ] [-10.   6.] 21
[-2.99640608 -2.0240624 ] [-10.   6.] 22
[-2.99640608 -2.0240624 ] [-10.   6.] 23
[-2.99640608 -2.0240624 ] [-10.   6.] 24
[-2.99640608 -2.0240624 ] [-10.   6.] 25
[-2.99640608 -2.0240624 ] [-10.   6.] 26
[-2.99640608 -2.0240624 ] [-10.   6.] 27
[-2.99640608 -2.0240624 ] [-10.   6.] 28
[-2.99640608 -2.0240624 ] [-10.   6.] 29
[-2.99640608 -2.0240624 ] [-10.   6.] 30
[-2.99640608 -2.0240624 ] [-10.   6.] 31
[-2.99640608 -2.0240624 ] [-10.   6.] 32
[-2.99640608 -2.0240624 ] [-10.   6.] 33
[-2.99640608 -2.0240624 ] [-10.   6.] 34
[-2.99640608 -2.0240624 ] [-10.   6.] 35
[-2.99640608 -2.0240624 ] [-10.   6.] 36
[-2.99640608 -2.0240624 ] [-10.   6.] 37
[-2.99640608 -2.0240624 ] [-10.   6.] 38
[-2.99640608 -2.0240624 ] [-10.   6.] 39
[-2.99640608 -2.0240624 ] [-10.   6.] 40
[-2.99640608 -2.0240624 ] [-10.   6.] 41
[-2.99640608 -2.0240624 ] [-10.   6.] 42
[-2.99640608 -2.0240624 ] [-10.   6.] 43
[-2.99640608 -2.0240624 ] [-10.   6.] 44
[-2.99640608 -2.0240624 ] [-10.   6.] 45
[-2.99640608 -2.0240624 ] [-10.   6.] 46
[-2.99640608 -2.0240624 ] [-10.   6.] 47
[-2.99640608 -2.0240624 ] [-10.   6.] 48
[-2.99640608 -2.0240624 ] [-10.   6.] 49
[-2.99640608 -2.0240624 ] [-10.   6.] 50
[-2.99640608 -2.0240624 ] [-10.   6.] 51
[-2.99640608 -2.0240624 ] [-10.   6.] 52
[-2.99640608 -2.0240624 ] [-10.   6.] 53
[-3.37343717 -1.78593743] [-10.   6.] 54
[-4.107656   -1.13109374] [-10.   6.] 55
[-4.72281218 -0.55562496] [-10.   6.] 56
[-5.41734362  0.17859374] [-10.   6.] 57
[-6.01265621  0.8532812 ] [-10.   6.] 58
[-6.62781239  1.60734367] [-10.   6.] 59
[-7.24296808  2.48046875] [-10.   6.] 60
[-7.83828068  3.39328098] [-10.   6.] 61
[-8.4335928   4.24656248] [-10.   6.] 62
[-8.9495306  4.9609375] [-10.   6.] 63
[-9.40593624  5.51656246] [-10.   6.] 64
[-9.74328136  5.953125  ] [-10.   6.] 65
[-10.10046768   6.40953112] [-10.   6.] 66
[-10.39812374   6.74687433] [-10.   6.] 67
[-10.59656143   7.02468729] [-10.   6.] 68
[-10.75531197   7.2231245 ] [-10.   6.] 69
[-10.87437439   7.40171862] [-10.   6.] 70
[-10.99343681   7.54062462] [-10.   6.] 71
[-11.09265518   7.63984346] [-10.   6.] 72
[-11.09265518   7.63984346] [-10.   6.] 73
[-11.17203045   7.71921825] [-10.   6.] 74
[-11.25140572   7.79859352] [-10.   6.] 75
[-11.25140572   7.79859352] [-10.   6.] 76
[-11.27124977   7.83828068] [-10.   6.] 77
[-11.29109287   7.83828068] [-10.   6.] 78
[-11.29109287   7.83828068] [-10.   6.] 79
[-11.29109287   7.85812473] [-10.   6.] 80
[-11.29109287   7.85812473] [-10.   6.] 81
[-11.29109287   7.85812473] [-10.   6.] 82
[-11.29109287   7.85812473] [-10.   6.] 83
[-11.29109287   7.85812473] [-10.   6.] 84
[-11.29109287   7.85812473] [-10.   6.] 85
[-11.29109287   7.85812473] [-10.   6.] 86
[-11.29109287   7.85812473] [-10.   6.] 87
[-11.29109287   7.85812473] [-10.   6.] 88
[-11.29109287   7.85812473] [-10.   6.] 89
[-11.29109287   7.83828068] [-10.   6.] 90
[-11.29109287   7.83828068] [-10.   6.] 91
[-11.29109287   7.83828068] [-10.   6.] 92
[-11.27124977   7.8184371 ] [-10.   6.] 93
[-11.25140572   7.79859352] [-10.   6.] 94
[-11.25140572   7.77874947] [-10.   6.] 95
[-11.21171856   7.73906183] [-10.   6.] 96
[-11.17203045   7.67953062] [-10.   6.] 97
[-11.11250019   7.60015631] [-10.   6.] 98
[-11.05296803   7.50093746] [-10.   6.] 99
[-10.97359276   7.36203098] [-10.   6.] 100
[-10.9140625    7.24296808] [-10.   6.] 101
[-10.89421749   7.16359377] [-10.   6.] 102
[-10.85453129   7.10406256] [-10.   6.] 103
[-10.83468723   7.02468729] [-10.   6.] 104
[-10.81484413   6.98499966] [-10.   6.] 105
[-10.81484413   6.96515608] [-10.   6.] 106
[-10.81484413   6.94531202] [-10.   6.] 107
[-10.79499912   6.90562487] [-10.   6.] 108
[-10.79499912   6.90562487] [-10.   6.] 109
[-10.79499912   6.90562487] [-10.   6.] 110
[-10.79499912   6.88578081] [-10.   6.] 111
[-10.79499912   6.88578081] [-10.   6.] 112
[-10.79499912   6.88578081] [-10.   6.] 113
[-10.79499912   6.88578081] [-10.   6.] 114
[-10.79499912   6.86593723] [-10.   6.] 115
[-10.77515602   6.84609318] [-10.   6.] 116
[-10.77515602   6.84609318] [-10.   6.] 117
[-10.77515602   6.84609318] [-10.   6.] 118
[-10.77515602   6.8262496 ] [-10.   6.] 119
[-10.75531197   6.78656197] [-10.   6.] 120
[-10.75531197   6.78656197] [-10.   6.] 121
[-10.71562481   6.74687433] [-10.   6.] 122
[-10.6759367    6.68734312] [-10.   6.] 123
[-10.6560936    6.66750002] [-10.   6.] 124
[-10.61640644   6.62781239] [-10.   6.] 125
[-10.57671833   6.56828117] [-10.   6.] 126
[-10.53703117   6.54843712] [-10.   6.] 127
[-10.49734306   6.50874996] [-10.   6.] 128
[-10.47749901   6.48890591] [-10.   6.] 129
[-10.43781185   6.46906233] [-10.   6.] 130
[-10.39812374   6.44921827] [-10.   6.] 131
[-10.37828064   6.40953112] [-10.   6.] 132
[-10.33859348   6.38968706] [-10.   6.] 133
[-10.31875038   6.36984348] [-10.   6.] 134
[-10.29890537   6.3499999 ] [-10.   6.] 135
[-10.27906227   6.33015585] [-10.   6.] 136
[-10.23937511   6.31031227] [-10.   6.] 137
[-10.21953106   6.27062464] [-10.   6.] 138
[-10.21953106   6.27062464] [-10.   6.] 139
[-10.17984295   6.230937  ] [-10.   6.] 140
[-10.17984295   6.230937  ] [-10.   6.] 141
[-10.15999985   6.21109343] [-10.   6.] 142
[-10.14015579   6.19124937] [-10.   6.] 143
[-10.12031269   6.19124937] [-10.   6.] 144
[-10.12031269   6.17140627] [-10.   6.] 145
[-10.12031269   6.17140627] [-10.   6.] 146
[-10.10046768   6.15156269] [-10.   6.] 147
[-10.10046768   6.13171864] [-10.   6.] 148
[-10.10046768   6.13171864] [-10.   6.] 149
[-10.08062458   6.11187506] [-10.   6.] 150
[-10.08062458   6.11187506] [-10.   6.] 151
[-10.08062458   6.11187506] [-10.   6.] 152
[-10.08062458   6.11187506] [-10.   6.] 153
[-10.08062458   6.11187506] [-10.   6.] 154
[-10.06078053   6.092031  ] [-10.   6.] 155
[-10.06078053   6.092031  ] [-10.   6.] 156
[-10.04093742   6.092031  ] [-10.   6.] 157
[-10.04093742   6.092031  ] [-10.   6.] 158
[-10.04093742   6.07218742] [-10.   6.] 159
[-10.04093742   6.07218742] [-10.   6.] 160
[-10.04093742   6.07218742] [-10.   6.] 161
[-10.04093742   6.07218742] [-10.   6.] 162
[-10.04093742   6.05234385] [-10.   6.] 163
[-10.04093742   6.05234385] [-10.   6.] 164
[-10.04093742   6.05234385] [-10.   6.] 165
[-10.04093742   6.05234385] [-10.   6.] 166
[-10.04093742   6.05234385] [-10.   6.] 167
[-10.04093742   6.05234385] [-10.   6.] 168
[-10.04093742   6.05234385] [-10.   6.] 169
[-10.04093742   6.05234385] [-10.   6.] 170
[-10.04093742   6.05234385] [-10.   6.] 171
[-10.04093742   6.05234385] [-10.   6.] 172
[-10.04093742   6.03249979] [-10.   6.] 173
[-10.04093742   6.03249979] [-10.   6.] 174
[-10.04093742   6.03249979] [-10.   6.] 175
[-10.04093742   6.03249979] [-10.   6.] 176
[-10.02109337   6.03249979] [-10.   6.] 177
[-10.02109337   6.01265621] [-10.   6.] 178
[-10.02109337   6.01265621] [-10.   6.] 179
[-10.02109337   6.01265621] [-10.   6.] 180
[-10.02109337   6.01265621] [-10.   6.] 181
[-10.00124931   6.01265621] [-10.   6.] 182
[-10.00124931   6.01265621] [-10.   6.] 183
[-10.00124931   6.01265621] [-10.   6.] 184
[-10.00124931   6.01265621] [-10.   6.] 185
[-10.00124931   6.01265621] [-10.   6.] 186
[-10.00124931   6.01265621] [-10.   6.] 187
[-10.00124931   6.01265621] [-10.   6.] 188
[-10.00124931   6.01265621] [-10.   6.] 189
[-10.00124931   6.01265621] [-10.   6.] 190
[-10.00124931   5.99281216] [-10.   6.] 191
[-10.00124931   5.99281216] [-10.   6.] 192
[-10.00124931   5.99281216] [-10.   6.] 193
[-10.00124931   5.99281216] [-10.   6.] 194
[-10.00124931   5.99281216] [-10.   6.] 195
[-10.00124931   5.99281216] [-10.   6.] 196
[-9.98140526  5.99281216] [-10.   6.] 197
[-9.98140526  5.99281216] [-10.   6.] 198
[-9.98140526  5.99281216] [-10.   6.] 199
[-9.98140526  5.99281216] [-10.   6.] 200
[-9.98140526  5.99281216] [-10.   6.] 201
[-9.98140526  5.99281216] [-10.   6.] 202
[-9.98140526  5.99281216] [-10.   6.] 203
[-9.98140526  5.99281216] [-10.   6.] 204
[-9.98140526  5.99281216] [-10.   6.] 205
[-9.98140526  5.99281216] [-10.   6.] 206
[-9.98140526  5.99281216] [-10.   6.] 207
[-9.98140526  5.99281216] [-10.   6.] 208
