[0. 0.] [-7.  0.] 1
[0. 0.] [-7.  0.] 2
[0. 0.] [-7.  0.] 3
[0. 0.] [-7.  0.] 4
[0. 0.] [-7.  0.] 5
[0. 0.] [-7.  0.] 6
[0. 0.] [-7.  0.] 7
[0. 0.] [-7.  0.] 8
[0.17859374 0.        ] [-7.  0.] 9
[0.47624999 0.        ] [-7.  0.] 10
[0.93265623 0.0396875 ] [-7.  0.] 11
[0.93265623 0.0396875 ] [-7.  0.] 12
[1.11124992 0.05953125] [-7.  0.] 13
[1.30968738 0.09921875] [-7.  0.] 14
[1.64703119 0.13890624] [-7.  0.] 15
[1.64703119 0.13890624] [-7.  0.] 16
[1.78593743 0.15875   ] [-7.  0.] 17
[1.86531246 0.15875   ] [-7.  0.] 18
[1.92484367 0.17859374] [-7.  0.] 19
[2.12328124 0.1984375 ] [-7.  0.] 20
[2.12328124 0.1984375 ] [-7.  0.] 21
[2.3812499 0.238125 ] [-7.  0.] 22
[2.52015615 0.25796875] [-7.  0.] 23
[2.52015615 0.25796875] [-7.  0.] 24
[2.7185936  0.27781248] [-7.  0.] 25
[2.77812505 0.27781248] [-7.  0.] 26
[2.81781244 0.27781248] [-7.  0.] 27
[2.85749984 0.27781248] [-7.  0.] 28
[2.89718723 0.27781248] [-7.  0.] 29
[2.93687487 0.27781248] [-7.  0.] 30
[2.95671868 0.27781248] [-7.  0.] 31
[2.95671868 0.27781248] [-7.  0.] 32
[2.99640608 0.27781248] [-7.  0.] 33
[2.99640608 0.27781248] [-7.  0.] 34
[3.0162499  0.27781248] [-7.  0.] 35
[3.03609371 0.27781248] [-7.  0.] 36
[3.05593753 0.27781248] [-7.  0.] 37
[3.05593753 0.27781248] [-7.  0.] 38
[3.05593753 0.27781248] [-7.  0.] 39
[3.05593753 0.27781248] [-7.  0.] 40
[3.07578135 0.27781248] [-7.  0.] 41
[3.07578135 0.27781248] [-7.  0.] 42
[3.07578135 0.27781248] [-7.  0.] 43
[3.07578135 0.27781248] [-7.  0.] 44
[3.07578135 0.27781248] [-7.  0.] 45
[3.07578135 0.27781248] [-7.  0.] 46
[3.07578135 0.27781248] [-7.  0.] 47
[3.07578135 0.27781248] [-7.  0.] 48
[3.07578135 0.27781248] [-7.  0.] 49
[3.07578135 0.27781248] [-7.  0.] 50
[3.07578135 0.27781248] [-7.  0.] 51
[3.07578135 0.27781248] [-7.  0.] 52
[3.07578135 0.27781248] [-7.  0.] 53
[3.05593753 0.25796875] [-7.  0.] 54
[2.99640608 0.21828124] [-7.  0.] 55
[2.85749984 0.13890624] [-7.  0.] 56
[2.46062493 0.        ] [-7.  0.] 57
[ 1.54781234 -0.21828124] [-7.  0.] 58
[ 0.81359375 -0.39687499] [-7.  0.] 59
[-0.09921875 -0.59531248] [-7.  0.] 60
[-0.09921875 -0.59531248] [-7.  0.] 61
[-1.74624991 -0.99218744] [-7.  0.] 62
[-2.5796876  -1.11124992] [-7.  0.] 63
[-3.45281243 -1.17078125] [-7.  0.] 64
[-4.32593727 -1.13109374] [-7.  0.] 65
[-5.17921877 -0.89296871] [-7.  0.] 66
[-5.99281216 -0.63499999] [-7.  0.] 67
[-6.70718718 -0.39687499] [-7.  0.] 68
[-7.42156219 -0.09921875] [-7.  0.] 69
[-7.97718716  0.1190625 ] [-7.  0.] 70
[-8.47328091  0.47624999] [-7.  0.] 71
[-8.90984249  0.79374999] [-7.  0.] 72
[-9.18765545  0.97234368] [-7.  0.] 73
[-9.40593624  1.07156241] [-7.  0.] 74
[-9.40593624  1.07156241] [-7.  0.] 75
[-9.56468678  1.13109374] [-7.  0.] 76
[-9.6639061   1.17078125] [-7.  0.] 77
[-9.70359325  1.19062495] [-7.  0.] 78
[-9.72343731  1.19062495] [-7.  0.] 79
[-9.72343731  1.19062495] [-7.  0.] 80
[-9.74328136  1.19062495] [-7.  0.] 81
[-9.74328136  1.19062495] [-7.  0.] 82
[-9.74328136  1.19062495] [-7.  0.] 83
[-9.74328136  1.19062495] [-7.  0.] 84
[-9.74328136  1.19062495] [-7.  0.] 85
[-9.74328136  1.19062495] [-7.  0.] 86
[-9.74328136  1.19062495] [-7.  0.] 87
[-9.74328136  1.19062495] [-7.  0.] 88
[-9.74328136  1.19062495] [-7.  0.] 89
[-9.72343731  1.19062495] [-7.  0.] 90
[-9.72343731  1.19062495] [-7.  0.] 91
[-9.72343731  1.19062495] [-7.  0.] 92
[-9.70359325  1.19062495] [-7.  0.] 93
[-9.70359325  1.19062495] [-7.  0.] 94
[-9.6837492   1.19062495] [-7.  0.] 95
[-9.6837492   1.17078125] [-7.  0.] 96
[-9.6639061   1.17078125] [-7.  0.] 97
[-9.6639061   1.17078125] [-7.  0.] 98
[-9.64406204  1.17078125] [-7.  0.] 99
[-9.60437393  1.13109374] [-7.  0.] 100
[-9.54484367  1.11124992] [-7.  0.] 101
[-9.46546841  1.11124992] [-7.  0.] 102
[-9.36625004  1.05171871] [-7.  0.] 103
[-9.2074995  1.0120312] [-7.  0.] 104
[-9.06859303  0.95249999] [-7.  0.] 105
[-8.88999939  0.8532812 ] [-7.  0.] 106
[-8.75109386  0.81359375] [-7.  0.] 107
[-8.63203144  0.75406247] [-7.  0.] 108
[-8.53281212  0.71437496] [-7.  0.] 109
[-8.4335928   0.67468745] [-7.  0.] 110
[-8.33437443  0.63499999] [-7.  0.] 111
[-8.25500011  0.61515623] [-7.  0.] 112
[-8.15578079  0.57546872] [-7.  0.] 113
[-8.07640553  0.55562496] [-7.  0.] 114
[-7.97718716  0.5357812 ] [-7.  0.] 115
[-7.93749952  0.51593751] [-7.  0.] 116
[-7.89781237  0.47624999] [-7.  0.] 117
[-7.85812473  0.47624999] [-7.  0.] 118
[-7.8184371   0.45640624] [-7.  0.] 119
[-7.77874947  0.43656248] [-7.  0.] 120
[-7.75890589  0.43656248] [-7.  0.] 121
[-7.73906183  0.41671875] [-7.  0.] 122
[-7.69937468  0.41671875] [-7.  0.] 123
[-7.67953062  0.39687499] [-7.  0.] 124
[-7.65968752  0.37703124] [-7.  0.] 125
[-7.60015631  0.37703124] [-7.  0.] 126
[-7.56046867  0.35718748] [-7.  0.] 127
[-7.54062462  0.33734372] [-7.  0.] 128
[-7.50093746  0.33734372] [-7.  0.] 129
[-7.44140577  0.3175    ] [-7.  0.] 130
[-7.40171862  0.29765624] [-7.  0.] 131
[-7.36203098  0.27781248] [-7.  0.] 132
[-7.32234335  0.27781248] [-7.  0.] 133
[-7.28265572  0.27781248] [-7.  0.] 134
[-7.2231245   0.25796875] [-7.  0.] 135
[-7.20328093  0.25796875] [-7.  0.] 136
[-7.18343687  0.238125  ] [-7.  0.] 137
[-7.16359377  0.238125  ] [-7.  0.] 138
[-7.12390614  0.238125  ] [-7.  0.] 139
[-7.12390614  0.238125  ] [-7.  0.] 140
[-7.0842185  0.238125 ] [-7.  0.] 141
[-7.0842185   0.21828124] [-7.  0.] 142
[-7.06437492  0.21828124] [-7.  0.] 143
[-7.06437492  0.21828124] [-7.  0.] 144
[-7.04453087  0.21828124] [-7.  0.] 145
[-7.04453087  0.21828124] [-7.  0.] 146
[-7.04453087  0.1984375 ] [-7.  0.] 147
[-7.04453087  0.1984375 ] [-7.  0.] 148
[-7.02468729  0.17859374] [-7.  0.] 149
[-7.02468729  0.17859374] [-7.  0.] 150
[-7.00484371  0.17859374] [-7.  0.] 151
[-7.00484371  0.17859374] [-7.  0.] 152
[-7.00484371  0.17859374] [-7.  0.] 153
[-7.00484371  0.15875   ] [-7.  0.] 154
[-7.00484371  0.15875   ] [-7.  0.] 155
[-6.98499966  0.15875   ] [-7.  0.] 156
[-6.98499966  0.13890624] [-7.  0.] 157
[-6.98499966  0.13890624] [-7.  0.] 158
[-6.96515608  0.09921875] [-7.  0.] 159
[-6.96515608  0.09921875] [-7.  0.] 160
[-6.96515608  0.09921875] [-7.  0.] 161
[-6.96515608  0.079375  ] [-7.  0.] 162
[-6.96515608  0.079375  ] [-7.  0.] 163
[-6.94531202  0.05953125] [-7.  0.] 164
[-6.94531202  0.0396875 ] [-7.  0.] 165
[-6.92546844  0.0396875 ] [-7.  0.] 166
[-6.92546844  0.0396875 ] [-7.  0.] 167
[-6.92546844  0.0396875 ] [-7.  0.] 168
[-6.92546844  0.01984375] [-7.  0.] 169
[-6.92546844  0.01984375] [-7.  0.] 170
[-6.92546844  0.01984375] [-7.  0.] 171
[-6.92546844  0.01984375] [-7.  0.] 172
[-6.92546844  0.        ] [-7.  0.] 173
[-6.92546844  0.        ] [-7.  0.] 174
[-6.92546844  0.        ] [-7.  0.] 175
[-6.92546844  0.        ] [-7.  0.] 176
[-6.92546844  0.        ] [-7.  0.] 177
[-6.92546844  0.        ] [-7.  0.] 178
[-6.92546844  0.        ] [-7.  0.] 179
[-6.92546844  0.        ] [-7.  0.] 180
[-6.92546844  0.        ] [-7.  0.] 181
[-6.92546844  0.        ] [-7.  0.] 182
[-6.92546844  0.        ] [-7.  0.] 183
[-6.92546844  0.        ] [-7.  0.] 184
[-6.92546844  0.        ] [-7.  0.] 185
[-6.92546844  0.        ] [-7.  0.] 186
[-6.92546844  0.        ] [-7.  0.] 187
[-6.92546844  0.        ] [-7.  0.] 188
[-6.92546844  0.        ] [-7.  0.] 189
[-6.92546844  0.        ] [-7.  0.] 190
[-6.92546844  0.        ] [-7.  0.] 191
[-6.92546844  0.        ] [-7.  0.] 192
[-6.92546844  0.        ] [-7.  0.] 193
[-6.92546844  0.        ] [-7.  0.] 194
[-6.92546844  0.        ] [-7.  0.] 195
[-6.92546844  0.        ] [-7.  0.] 196
[-6.92546844  0.        ] [-7.  0.] 197
[-6.92546844  0.        ] [-7.  0.] 198
[-6.92546844  0.        ] [-7.  0.] 199
[-6.92546844  0.        ] [-7.  0.] 200
[-6.92546844  0.        ] [-7.  0.] 201
[-6.92546844  0.        ] [-7.  0.] 202
[-6.92546844  0.        ] [-7.  0.] 203
[-6.92546844  0.        ] [-7.  0.] 204
[-6.92546844  0.        ] [-7.  0.] 205
[-6.92546844  0.        ] [-7.  0.] 206
