[-6.92546844  0.        ] [2. 0.] 1
[-6.94531202  0.        ] [2. 0.] 2
[-6.94531202  0.        ] [2. 0.] 3
[-6.94531202  0.        ] [2. 0.] 4
[-6.94531202  0.        ] [2. 0.] 5
[-6.94531202  0.        ] [2. 0.] 6
[-6.94531202  0.        ] [2. 0.] 7
[-6.94531202  0.        ] [2. 0.] 8
[-6.94531202  0.        ] [2. 0.] 9
[-6.94531202  0.        ] [2. 0.] 10
[-6.94531202  0.        ] [2. 0.] 11
[-6.94531202  0.        ] [2. 0.] 12
[-6.94531202  0.        ] [2. 0.] 13
[-6.94531202  0.        ] [2. 0.] 14
[-6.94531202  0.        ] [2. 0.] 15
[-6.96515608  0.        ] [2. 0.] 16
[-6.96515608  0.        ] [2. 0.] 17
[-6.96515608  0.        ] [2. 0.] 18
[-6.96515608  0.        ] [2. 0.] 19
[-6.96515608  0.        ] [2. 0.] 20
[-6.96515608  0.        ] [2. 0.] 21
[-6.96515608  0.        ] [2. 0.] 22
[-6.96515608  0.        ] [2. 0.] 23
[-6.96515608  0.        ] [2. 0.] 24
[-6.96515608  0.        ] [2. 0.] 25
[-6.96515608  0.        ] [2. 0.] 26
[-6.96515608  0.        ] [2. 0.] 27
[-6.96515608  0.        ] [2. 0.] 28
[-6.96515608  0.        ] [2. 0.] 29
[-6.96515608  0.        ] [2. 0.] 30
[-6.96515608  0.        ] [2. 0.] 31
[-6.96515608  0.        ] [2. 0.] 32
[-6.96515608  0.        ] [2. 0.] 33
[-6.96515608  0.        ] [2. 0.] 34
[-6.96515608  0.        ] [2. 0.] 35
[-6.96515608  0.        ] [2. 0.] 36
[-6.96515608  0.        ] [2. 0.] 37
[-6.96515608  0.        ] [2. 0.] 38
[-6.96515608  0.        ] [2. 0.] 39
[-6.96515608  0.        ] [2. 0.] 40
[-6.96515608  0.        ] [2. 0.] 41
[-6.96515608  0.        ] [2. 0.] 42
[-6.96515608  0.        ] [2. 0.] 43
[-6.90562487 -0.01984375] [2. 0.] 44
[-6.76671839 -0.05953125] [2. 0.] 45
[-6.40953112 -0.15875   ] [2. 0.] 46
[-5.45703125 -0.37703124] [2. 0.] 47
[-4.40531206 -0.49609372] [2. 0.] 48
[-3.27421856 -0.5357812 ] [2. 0.] 49
[-2.20265603 -0.51593751] [2. 0.] 50
[-1.11124992 -0.47624999] [2. 0.] 51
[-0.0396875  -0.43656248] [2. 0.] 52
[ 1.09140623 -0.39687499] [2. 0.] 53
[ 2.08359361 -0.35718748] [2. 0.] 54
[ 3.05593753 -0.3175    ] [2. 0.] 55
[ 3.75046873 -0.3175    ] [2. 0.] 56
[ 4.44499969 -0.3175    ] [2. 0.] 57
[ 5.00062466 -0.3175    ] [2. 0.] 58
[ 5.43718719 -0.29765624] [2. 0.] 59
[ 5.73484325 -0.29765624] [2. 0.] 60
[ 5.91343737 -0.29765624] [2. 0.] 61
[ 6.13171864 -0.29765624] [2. 0.] 62
[ 6.31031227 -0.3175    ] [2. 0.] 63
[ 6.46906233 -0.33734372] [2. 0.] 64
[ 6.56828117 -0.35718748] [2. 0.] 65
[ 6.60796881 -0.35718748] [2. 0.] 66
[ 6.60796881 -0.35718748] [2. 0.] 67
[ 6.60796881 -0.35718748] [2. 0.] 68
[ 6.60796881 -0.35718748] [2. 0.] 69
[ 6.60796881 -0.35718748] [2. 0.] 70
[ 6.60796881 -0.35718748] [2. 0.] 71
[ 6.60796881 -0.35718748] [2. 0.] 72
[ 6.60796881 -0.35718748] [2. 0.] 73
[ 6.60796881 -0.35718748] [2. 0.] 74
[ 6.60796881 -0.35718748] [2. 0.] 75
[ 6.58812475 -0.35718748] [2. 0.] 76
[ 6.56828117 -0.37703124] [2. 0.] 77
[ 6.52859354 -0.37703124] [2. 0.] 78
[ 6.48890591 -0.39687499] [2. 0.] 79
[ 6.42937469 -0.39687499] [2. 0.] 80
[ 6.36984348 -0.43656248] [2. 0.] 81
[ 6.31031227 -0.43656248] [2. 0.] 82
[ 6.230937   -0.45640624] [2. 0.] 83
[ 6.17140627 -0.47624999] [2. 0.] 84
[ 6.11187506 -0.47624999] [2. 0.] 85
[ 6.03249979 -0.49609372] [2. 0.] 86
[ 5.953125   -0.51593751] [2. 0.] 87
[ 5.85390615 -0.51593751] [2. 0.] 88
[ 5.71499968 -0.5357812 ] [2. 0.] 89
[ 5.51656246 -0.5357812 ] [2. 0.] 90
[ 5.33796835 -0.5357812 ] [2. 0.] 91
[ 5.17921877 -0.5357812 ] [2. 0.] 92
[ 5.04031229 -0.51593751] [2. 0.] 93
[ 4.9609375  -0.49609372] [2. 0.] 94
[ 4.90140581 -0.49609372] [2. 0.] 95
[ 4.8418746  -0.47624999] [2. 0.] 96
[ 4.78234339 -0.45640624] [2. 0.] 97
[ 4.68312502 -0.43656248] [2. 0.] 98
[ 4.62359381 -0.43656248] [2. 0.] 99
[ 4.52437496 -0.41671875] [2. 0.] 100
[ 4.42515612 -0.39687499] [2. 0.] 101
[ 4.3656249  -0.37703124] [2. 0.] 102
[ 4.30609322 -0.35718748] [2. 0.] 103
[ 4.26640606 -0.33734372] [2. 0.] 104
[ 4.20687485 -0.33734372] [2. 0.] 105
[ 4.16718721 -0.33734372] [2. 0.] 106
[ 4.12750006 -0.33734372] [2. 0.] 107
[ 4.04812479 -0.3175    ] [2. 0.] 108
[ 3.98859358 -0.29765624] [2. 0.] 109
[ 3.90921855 -0.27781248] [2. 0.] 110
[ 3.84968734 -0.25796875] [2. 0.] 111
[ 3.75046873 -0.238125  ] [2. 0.] 112
[ 3.69093728 -0.238125  ] [2. 0.] 113
[ 3.65124989 -0.21828124] [2. 0.] 114
[ 3.61156225 -0.21828124] [2. 0.] 115
[ 3.59171844 -0.1984375 ] [2. 0.] 116
[ 3.55203128 -0.1984375 ] [2. 0.] 117
[ 3.51234365 -0.1984375 ] [2. 0.] 118
[ 3.47265601 -0.1984375 ] [2. 0.] 119
[ 3.45281243 -0.17859374] [2. 0.] 120
[ 3.39328098 -0.13890624] [2. 0.] 121
[ 3.35359359 -0.13890624] [2. 0.] 122
[ 3.33375001 -0.09921875] [2. 0.] 123
[ 3.27421856 -0.09921875] [2. 0.] 124
[ 3.21468735 -0.079375  ] [2. 0.] 125
[ 3.13531232 -0.0396875 ] [2. 0.] 126
[ 3.05593753 -0.01984375] [2. 0.] 127
[ 2.95671868 -0.01984375] [2. 0.] 128
[ 2.83765626 -0.01984375] [2. 0.] 129
[ 2.77812505 -0.01984375] [2. 0.] 130
[ 2.69874978 -0.01984375] [2. 0.] 131
[ 2.65906239 -0.01984375] [2. 0.] 132
[ 2.61937475 -0.01984375] [2. 0.] 133
[ 2.5796876  -0.01984375] [2. 0.] 134
[ 2.53999996 -0.01984375] [2. 0.] 135
[ 2.50031233 -0.01984375] [2. 0.] 136
[ 2.46062493 -0.01984375] [2. 0.] 137
[ 2.4209373  -0.01984375] [2. 0.] 138
[ 2.36140609 -0.0396875 ] [2. 0.] 139
[ 2.30187488 -0.0396875 ] [2. 0.] 140
[ 2.22249985 -0.05953125] [2. 0.] 141
[ 2.14312482 -0.05953125] [2. 0.] 142
[ 2.06375003 -0.05953125] [2. 0.] 143
[ 2.00421858 -0.05953125] [2. 0.] 144
[ 1.94468737 -0.05953125] [2. 0.] 145
[ 1.88515615 -0.05953125] [2. 0.] 146
[ 1.84546864 -0.05953125] [2. 0.] 147
[ 1.82562494 -0.05953125] [2. 0.] 148
[ 1.80578113 -0.05953125] [2. 0.] 149
[ 1.78593743 -0.05953125] [2. 0.] 150
[ 1.78593743 -0.05953125] [2. 0.] 151
[ 1.78593743 -0.05953125] [2. 0.] 152
[ 1.78593743 -0.05953125] [2. 0.] 153
[ 1.76609373 -0.05953125] [2. 0.] 154
[ 1.76609373 -0.05953125] [2. 0.] 155
[ 1.76609373 -0.05953125] [2. 0.] 156
[ 1.74624991 -0.05953125] [2. 0.] 157
[ 1.74624991 -0.05953125] [2. 0.] 158
[ 1.74624991 -0.05953125] [2. 0.] 159
[ 1.74624991 -0.05953125] [2. 0.] 160
[ 1.74624991 -0.05953125] [2. 0.] 161
[ 1.74624991 -0.05953125] [2. 0.] 162
[ 1.74624991 -0.05953125] [2. 0.] 163
[ 1.74624991 -0.05953125] [2. 0.] 164
[ 1.74624991 -0.05953125] [2. 0.] 165
[ 1.74624991 -0.05953125] [2. 0.] 166
[ 1.74624991 -0.05953125] [2. 0.] 167
[ 1.74624991 -0.05953125] [2. 0.] 168
[ 1.74624991 -0.05953125] [2. 0.] 169
[ 1.74624991 -0.05953125] [2. 0.] 170
[ 1.74624991 -0.05953125] [2. 0.] 171
[ 1.74624991 -0.05953125] [2. 0.] 172
[ 1.76609373 -0.05953125] [2. 0.] 173
[ 1.76609373 -0.05953125] [2. 0.] 174
[ 1.76609373 -0.05953125] [2. 0.] 175
[ 1.76609373 -0.05953125] [2. 0.] 176
[ 1.76609373 -0.05953125] [2. 0.] 177
[ 1.78593743 -0.05953125] [2. 0.] 178
[ 1.78593743 -0.05953125] [2. 0.] 179
[ 1.78593743 -0.05953125] [2. 0.] 180
[ 1.78593743 -0.05953125] [2. 0.] 181
[ 1.78593743 -0.05953125] [2. 0.] 182
[ 1.78593743 -0.05953125] [2. 0.] 183
[ 1.78593743 -0.05953125] [2. 0.] 184
[ 1.80578113 -0.05953125] [2. 0.] 185
[ 1.80578113 -0.05953125] [2. 0.] 186
[ 1.80578113 -0.05953125] [2. 0.] 187
[ 1.80578113 -0.05953125] [2. 0.] 188
[ 1.80578113 -0.05953125] [2. 0.] 189
[ 1.80578113 -0.05953125] [2. 0.] 190
[ 1.82562494 -0.05953125] [2. 0.] 191
[ 1.82562494 -0.05953125] [2. 0.] 192
[ 1.84546864 -0.05953125] [2. 0.] 193
[ 1.84546864 -0.05953125] [2. 0.] 194
[ 1.86531246 -0.05953125] [2. 0.] 195
[ 1.86531246 -0.05953125] [2. 0.] 196
[ 1.88515615 -0.05953125] [2. 0.] 197
[ 1.88515615 -0.05953125] [2. 0.] 198
[ 1.88515615 -0.05953125] [2. 0.] 199
[ 1.88515615 -0.05953125] [2. 0.] 200
[ 1.88515615 -0.05953125] [2. 0.] 201
[ 1.90499997 -0.05953125] [2. 0.] 202
[ 1.90499997 -0.05953125] [2. 0.] 203
[ 1.90499997 -0.05953125] [2. 0.] 204
[ 1.92484367 -0.05953125] [2. 0.] 205
[ 1.92484367 -0.05953125] [2. 0.] 206
[ 1.92484367 -0.05953125] [2. 0.] 207
[ 1.92484367 -0.05953125] [2. 0.] 208
[ 1.92484367 -0.05953125] [2. 0.] 209
[ 1.92484367 -0.05953125] [2. 0.] 210
[ 1.92484367 -0.05953125] [2. 0.] 211
